4294967279,523
4294967278,307
4294967279,298
4294967279,545
4294967279,281
4294967279,249
4294967279,95
4294967279,94
4294967279,93
4294967279,92
4294967279,91
4294967279,90
4294967279,89
4294967279,512
4294967278,248
4294967279,247
4294967279,114
4294967279,113
4294967279,112
4294967279,111
4294967279,110
4294967279,109
4294967279,108
4294967279,107
4294967279,106
4294967279,105
4294967279,104
4294967279,103
4294967279,102
4294967279,101
4294967279,100
4294967279,99
4294967279,98
4294967279,97
4294967279,96
4294967279,548
4294967278,245
4294967279,243
4294967278,48
4294967278,46
4294967278,45
4294967278,44
4294967278,43
4294967278,42
4294967278,37
4294967278,35
4294967278,34
4294967278,33
4294967278,32
4294967278,30
4294967278,29
4294967278,28
4294967278,27
4294967278,371
4294967278,26
4294967278,444
4294967278,25
4294967278,290
4294967278,24
4294967278,23
4294967278,293
4294967278,22
4294967278,21
4294967278,20
4294967278,19
4294967278,18
4294967278,17
4294967278,16
4294967278,15
4294967278,14
4294967278,13
4294967278,12
4294967278,11
4294967278,10
4294967278,9
4294967278,8
4294967278,7
4294967278,6
4294967278,5
4294967278,4
4294967279,132
4294967279,131
4294967279,130
4294967279,129
4294967279,128
4294967279,127
4294967279,126
4294967279,125
4294967279,124
4294967279,123
4294967279,122
4294967279,121
4294967279,120
4294967279,119
4294967279,118
4294967279,115
4294967279,260
4294967279,539
4294967279,117
378,2
4294967278,241
4294967279,116
4294967278,375
4294967278,219
563,6
4294967278,213
563,5
563,4
4294967278,212
563,3
563,2
563,1
4294967278,330
4294967279,382
4294967279,569
4294967278,295
4294967278,414
4294967278,204
562,5
4294967278,203
562,4
562,3
562,2
562,1
561,4
4294967279,199
561,3
561,2
561,1
4294967279,552
4294967279,198
4294967279,197
4294967278,445
4294967278,328
4294967278,195
4294967294,408
4294967294,397
4294967294,177
4294967294,948
4294967294,406
4294967294,414
4294967294,443
4294967294,405
4294967294,402
4294967294,191
4294967294,119
4294967294,108
4294967294,404
4294967294,180
4294967294,394
4294967278,325
4294967279,315
4294967278,304
4294967279,191
4294967279,568
4294967278,189
4294967279,189
4294967278,188
4294967279,188
4294967278,186
4294967279,186
4294967279,183
4294967278,185
560,6
4294967279,185
560,5
4294967278,184
560,4
4294967279,184
560,3
560,2
560,1
4294967278,183
4294967278,180
4294967278,179
4294967279,179
4294967278,178
4294967279,178
4294967278,177
4294967279,177
4294967279,176
4294967278,175
4294967279,175
4294967278,173
4294967279,173
4294967279,311
4294967278,172
4294967279,171
4294967278,170
4294967278,169
4294967279,169
4294967278,168
4294967279,168
4294967278,167
4294967279,166
4294967278,401
4294967294,11
4294967279,164
4294967278,41
4294967278,384
4294967278,50
4294967278,161
4294967278,137
4294967278,49
4294967278,160
4294967279,160
4294967278,47
4294967278,159
4294967279,159
4294967278,158
4294967279,158
4294967279,157
4294967278,156
4294967278,153
4294967279,155
4294967278,155
4294967279,154
4294967278,154
4294967278,447
4294967279,153
4294967278,255
4294967278,40
4294967278,31
4294967279,533
4294967278,39
4294967278,322
4294967279,150
4294967278,38
4294967278,299
4294967279,149
4294967278,149
4294967279,148
4294967278,36
4294967278,148
4294967278,345
4294967279,147
4294967278,147
4294967278,146
4294967279,145
4294967278,143
4294967278,145
4294967279,144
4294967278,144
4294967278,343
4294967279,143
4294967278,142
4294967278,141
4294967279,140
4294967279,379
4294967279,139
4294967279,352
4294967279,136
4294967279,135
4294967294,901
4294967294,965
4294967294,162
4294967294,917
4294967294,960
4294967279,134
4294967279,270
4294967279,282
554,6
4294967279,283
554,5
554,4
554,3
554,2
554,1
4294967278,131
4294967278,129
4294967278,127
4294967278,126
4294967278,125
4294967278,124
4294967278,122
4294967278,118
4294967278,116
4294967278,115
4294967278,114
4294967278,113
4294967278,111
4294967278,110
4294967278,109
4294967278,108
4294967278,106
4294967278,105
4294967278,104
4294967278,103
4294967278,101
4294967278,97
4294967278,96
4294967278,95
4294967278,94
4294967278,92
4294967278,89
4294967278,87
4294967278,86
4294967278,85
4294967278,83
4294967278,82
4294967278,81
4294967278,80
4294967278,301
4294967278,63
4294967278,329
4294967278,61
4294967278,60
4294967278,59
4294967278,58
4294967278,57
4294967278,346
4294967278,56
4294967278,380
4294967278,55
4294967278,381
4294967278,54
4294967278,53
4294967278,52
4294967278,51
4294967278,260
4294967279,87
4294967279,86
4294967279,85
4294967279,84
4294967279,316
4294967279,83
4294967279,82
4294967279,81
4294967279,80
4294967279,361
4294967279,79
4294967279,541
4294967279,77
